0.1|0.5|tensor([-0.3216, -0.3216, -0.3216, -0.3216, -0.3216, -0.3216, -0.3216,  0.3416,  0.3416, -0.0122,  0.3416, -0.0122, -0.0122,  0.3416, -0.0122])|tensor([-0.5596])|0.35123674911660774|0.7903464754581268
0.1|1|tensor([-0.3341, -0.3341, -0.3341, -0.3341, -0.3341, -0.3341, -0.3341,  0.2856,
         0.2856,  0.0189,  0.2856,  0.0189,  0.0189,  0.2856,  0.0189])|tensor([-0.5300])|0.35123674911660774|0.7913924490647737
0.1|1.5|tensor([-0.3455, -0.3455, -0.3455, -0.3455, -0.3455, -0.3455, -0.3455,  0.2976,
         0.2976,  0.0138,  0.2976,  0.0138,  0.0138,  0.2976,  0.0138])|tensor([-0.5865])|0.35123674911660774|0.7934584999080614
0.1|2|tensor([-0.3448, -0.3448, -0.3448, -0.3448, -0.3448, -0.3448, -0.3448,  0.3069,
         0.3069,  0.0023,  0.3069,  0.0023,  0.0023,  0.3069,  0.0023])|tensor([-0.6233])|0.35123674911660774|0.7927326121133154
0.1|2.5|tensor([-0.3179, -0.3179, -0.3179, -0.3179, -0.3179, -0.3179, -0.3179,  0.3024,
         0.3024,  0.0513,  0.3024,  0.0513,  0.0513,  0.3024,  0.0513])|tensor([-0.5814])|0.34204946996466434|0.8130214724319397
0.1|3|tensor([-0.3273, -0.3273, -0.3273, -0.3273, -0.3273, -0.3273, -0.3273,  0.3431,
         0.3431,  0.0581,  0.3431,  0.0581,  0.0581,  0.3431,  0.0581])|tensor([-0.3631])|0.3469964664310954|0.7923430817719741
0.3|0.5|tensor([-0.3251, -0.3251, -0.3251, -0.3251, -0.3251, -0.3251, -0.3251,  0.3059,
         0.3059, -0.0018,  0.3059, -0.0018, -0.0018,  0.3059, -0.0018])|tensor([-0.6587])|0.3477031802120142|0.7978004187768071
0.3|1|tensor([-0.2925, -0.2925, -0.2925, -0.2925, -0.2925, -0.2925, -0.2925,  0.3422,
         0.3422,  0.0224,  0.3422,  0.0224,  0.0224,  0.3422,  0.0224])|tensor([-0.3895])|0.34982332155477036|0.7903203885133286
0.3|1.5|tensor([-0.2879, -0.2879, -0.2879, -0.2879, -0.2879, -0.2879, -0.2879,  0.3451,
         0.3451,  0.0502,  0.3451,  0.0502,  0.0502,  0.3451,  0.0502])|tensor([-0.6121])|0.3547703180212014|0.7924242405879522
0.3|2|tensor([-0.3309, -0.3309, -0.3309, -0.3309, -0.3309, -0.3309, -0.3309,  0.2811,
         0.2811,  0.0492,  0.2811,  0.0492,  0.0492,  0.2811,  0.0492])|tensor([-0.4472])|0.35194346289752654|0.7972022615926384
0.3|2.5|tensor([-0.2981, -0.2981, -0.2981, -0.2981, -0.2981, -0.2981, -0.2981,  0.3500,
         0.3500,  0.0587,  0.3500,  0.0587,  0.0587,  0.3500,  0.0587])|tensor([-0.6622])|0.35194346289752654|0.7924247518637726
svm|svm|-0.15065894,  0.49841549,  -0.53190506,  -0.2150373,  -0.29670725,  -0.01585446,  -0.06271248,  0.05442113,  0.12342542,  -0.09056377,  -0.13667028,  -0.03841245,  -0.12738113,  0.5175795,  -0.05475335|-0.0872|NA|NA
0.5|tensor([-0.3204, -0.3204, -0.3204, -0.3204, -0.3204, -0.3204, -0.3204,  0.3230,
         0.3230,  0.0093,  0.3230,  0.0093,  0.0093,  0.3230,  0.0093])|tensor([-0.2524])|0.3356890459363958|0.763840031685349
0.6|tensor([-0.3279, -0.3279, -0.3279, -0.3279, -0.3279, -0.3279, -0.3279,  0.2872,
         0.2872,  0.0456,  0.2872,  0.0456,  0.0456,  0.2872,  0.0456])|tensor([-0.2737])|0.3385159010600707|0.773086710810434

0.3|tensor([-0.2925, -0.2925, -0.2925, -0.2925, -0.2925, -0.2925, -0.2925,  0.3256,
         0.3256,  0.0208,  0.3256,  0.0208,  0.0208,  0.3256,  0.0208])|tensor([-0.5400])|0.3356890459363958|0.74503737911242
0.6|tensor([-0.3264, -0.3264, -0.3264, -0.3264, -0.3264, -0.3264, -0.3264,  0.2913,
         0.2913,  0.0115,  0.2913,  0.0115,  0.0115,  0.2913,  0.0115])|tensor([-0.4050])|0.319434628975265|0.7673435513340764
0.9|tensor([-0.3136, -0.3136, -0.3136, -0.3136, -0.3136, -0.3136, -0.3136,  0.2868,
         0.2868,  0.0189,  0.2868,  0.0189,  0.0189,  0.2868,  0.0189])|tensor([-0.2790])|0.3257950530035336|0.74664807557105661.2|tensor([-0.3092, -0.3092, -0.3092, -0.3092, -0.3092, -0.3092, -0.3092,  0.2991,
         0.2991,  0.0258,  0.2991,  0.0258,  0.0258,  0.2991,  0.0258])|tensor([-0.3882])|0.3371024734982332|0.7708470225139111.5|tensor([-0.2940, -0.2940, -0.2940, -0.2940, -0.2940, -0.2940, -0.2940,  0.3158,
         0.3158,  0.0515,  0.3158,  0.0515,  0.0515,  0.3158,  0.0515])|tensor([-0.3767])|0.3265017667844523|0.74369391838506731.8|tensor([-0.3120, -0.3120, -0.3120, -0.3120, -0.3120, -0.3120, -0.3120,  0.2789,
         0.2789,  0.0494,  0.2789,  0.0494,  0.0494,  0.2789,  0.0494])|tensor([-0.4136])|0.32296819787985864|0.75251814063901652.1|tensor([-0.3084, -0.3084, -0.3084, -0.3084, -0.3084, -0.3084, -0.3084,  0.2688,
         0.2688,  0.0158,  0.2688,  0.0158,  0.0158,  0.2688,  0.0158])|tensor([-0.5684])|0.33003533568904597|0.74315294639738292.4|tensor([-0.3086, -0.3086, -0.3086, -0.3086, -0.3086, -0.3086, -0.3086,  0.2916,
         0.2916,  0.0151,  0.2916,  0.0151,  0.0151,  0.2916,  0.0151])|tensor([-0.3776])|0.34134275618374554|0.74210911518123282.7|tensor([-0.3126, -0.3126, -0.3126, -0.3126, -0.3126, -0.3126, -0.3126,  0.2795,
         0.2795,  0.0360,  0.2795,  0.0360,  0.0360,  0.2795,  0.0360])|tensor([-0.4084])|0.34275618374558303|0.7412812753730725